4294967294,0
4294967279,10
4294967278,257
4294967279,555
26,2
4294967278,375
4294967278,347
4294967279,254
4294967278,132
4294967278,131
4294967278,130
4294967278,129
4294967278,128
4294967278,127
4294967278,126
4294967278,125
4294967278,124
4294967278,123
4294967278,122
4294967278,121
4294967278,120
4294967278,119
4294967278,118
4294967278,117
4294967278,116
4294967278,115
4294967278,114
4294967278,113
4294967278,112
4294967278,111
4294967278,110
4294967278,109
4294967278,108
4294967278,107
4294967278,106
4294967278,105
4294967278,104
4294967278,103
4294967278,102
4294967278,101
4294967278,100
4294967278,99
4294967278,98
4294967278,97
4294967278,96
4294967278,95
4294967278,94
4294967278,93
4294967278,92
4294967278,91
4294967278,90
4294967278,89
4294967278,87
4294967278,86
4294967278,85
4294967278,84
4294967278,83
4294967278,82
4294967278,81
4294967278,80
4294967278,79
4294967278,78
4294967278,77
4294967278,76
4294967278,75
4294967278,74
4294967278,73
4294967278,0
4294967278,72
4294967278,71
4294967278,70
4294967278,69
4294967278,68
4294967278,67
4294967278,66
4294967278,65
4294967278,64
4294967278,63
4294967278,62
4294967278,61
4294967278,60
4294967278,59
4294967278,58
4294967278,57
4294967278,56
4294967278,55
4294967279,70
4294967279,68
4294967279,66
4294967279,65
4294967279,63
4294967279,62
4294967279,61
4294967279,58
4294967279,56
4294967279,55
4294967279,52
4294967279,49
4294967279,47
4294967279,44
4294967279,41
4294967279,40
4294967279,39
4294967279,37
4294967279,34
4294967279,27
4294967279,25
4294967279,23
4294967279,22
4294967279,17
4294967279,15
4294967279,14
4294967279,12
4294967279,9
4294967279,8
4294967279,7
4294967279,6
4294967279,5
4294967279,4
4294967279,554
21,5
4294967278,322
4294967294,68
4294967294,11
4294967278,174
4294967279,252
4294967278,360
4294967278,251
4294967278,248
4294967278,247
4294967279,247
61,5
61,4
61,3
61,2
61,1
4294967278,350
4294967279,174
4294967279,236
4294967294,385
4294967294,419
4294967294,403
4294967294,169
4294967294,455
4294967294,457
4294967294,449
4294967279,234
4294967279,232
4294967279,228
4294967279,222
60,6
4294967279,226
60,5
60,4
4294967279,224
60,3
60,2
60,1
4294967279,219
4294967278,217
4294967279,217
4294967278,214
4294967279,274
4294967278,359
4294967279,214
4294967279,316
4294967279,213
4294967279,212
4294967278,210
4294967279,209
4294967279,211
4294967278,209
4294967279,210
4294967279,313
4294967279,312
4294967278,374
4294967279,536
4294967278,205
4294967278,313
4294967279,206
4294967279,311
4294967279,205
4294967278,357
4294967294,1420
4294967279,204
4294967279,549
4294967278,202
4294967279,203
4294967279,202
0,5
4294967278,200
4294967279,201
4294967278,199
4294967279,200
4294967278,198
4294967278,310
4294967279,199
4294967294,22
4294967294,17
4294967294,42
4294967294,67
4294967294,416
4294967294,52
4294967294,471
4294967294,26
4294967278,309
4294967294,5
4294967294,7
4294967279,553
4294967279,539
4294967279,0
4294967278,355
4294967294,6
4294967294,83
4294967294,971
4294967279,196
4294967279,308
4294967278,194
4294967279,195
4294967278,193
4294967279,194
4294967279,547
4294967278,353
4294967279,193
4294967279,191
4294967279,188
57,6
4294967279,190
57,5
57,4
4294967279,189
57,3
57,2
57,1
4294967279,306
4294967279,530
4294967279,305
4294967278,184
4294967279,185
4294967279,304
4294967279,184
4294967278,373
4294967279,69
4294967279,183
4294967278,181
4294967279,181
4294967279,180
56,6
56,5
56,4
56,3
56,2
56,1
4294967278,342
4294967278,341
4294967279,175
4294967278,172
4294967294,1419
4294967279,173
4294967278,351
4294967293,131
4294967293,130
4294967293,129
4294967293,128
4294967293,127
4294967293,126
4294967293,125
4294967293,124
4294967293,123
4294967293,122
4294967293,121
4294967293,120
4294967293,119
4294967293,118
4294967293,117
4294967294,954
4294967293,116
4294967293,115
4294967293,114
4294967293,113
4294967293,112
4294967293,111
4294967293,110
4294967293,109
4294967293,108
4294967293,107
4294967293,106
4294967293,105
4294967293,104
4294967293,103
4294967294,974
4294967293,102
4294967293,101
4294967293,100
4294967293,99
4294967293,98
4294967293,97
4294967293,96
4294967293,95
4294967293,94
4294967293,93
4294967293,92
4294967293,91
4294967293,90
4294967293,89
4294967293,87
4294967293,86
4294967293,85
4294967293,84
4294967293,83
4294967293,82
4294967293,81
4294967293,80
4294967293,79
4294967293,78
4294967293,77
4294967293,76
4294967293,75
4294967293,74
4294967293,73
4294967293,72
4294967293,71
4294967293,70
4294967293,69
4294967293,68
4294967293,67
4294967293,66
4294967293,65
4294967293,64
4294967293,63
4294967293,62
4294967293,61
4294967293,60
4294967293,59
4294967293,58
4294967293,57
